   0.00000    1.48355    0.20000
   0.00524    1.97335    0.20000
   0.01047    1.82200    0.20000
   0.01571    1.84340    0.20000
   0.02094    2.07047    0.20000
   0.02618    1.92215    0.20000
   0.03142    2.29255    0.20000
   0.03665    2.12556    0.20000
   0.04189    1.47549    0.20000
   0.04712    2.15440    0.20000
   0.05236    2.18079    0.20000
   0.05760    1.85820    0.20000
   0.06283    1.74552    0.20000
   0.06807    2.27749    0.20000
   0.07330    1.80114    0.20000
   0.07854    1.84767    0.20000
   0.08378    1.89563    0.20000
   0.08901    2.05660    0.20000
   0.09425    1.83241    0.20000
   0.09948    1.89182    0.20000
   0.10472    1.64496    0.20000
   0.10996    1.86402    0.20000
   0.11519    2.14124    0.20000
   0.12043    1.84110    0.20000
   0.12566    1.94789    0.20000
   0.13090    1.97827    0.20000
   0.13614    2.19031    0.20000
   0.14137    2.06105    0.20000
   0.14661    1.77630    0.20000
   0.15184    1.60325    0.20000
   0.15708    1.91380    0.20000
   0.16232    1.88978    0.20000
   0.16755    2.07974    0.20000
   0.17279    1.99115    0.20000
   0.17802    1.78791    0.20000
   0.18326    1.78364    0.20000
   0.18850    1.69361    0.20000
   0.19373    1.70001    0.20000
   0.19897    1.57071    0.20000
   0.20420    2.05530    0.20000
   0.20944    1.69044    0.20000
   0.21468    1.61337    0.20000
   0.21991    1.66825    0.20000
   0.22515    1.80473    0.20000
   0.23038    1.45172    0.20000
   0.23562    1.88808    0.20000
   0.24086    1.44283    0.20000
   0.24609    1.77913    0.20000
   0.25133    1.69664    0.20000
   0.25656    1.55433    0.20000
   0.26180    1.66873    0.20000
   0.26704    1.61020    0.20000
   0.27227    1.96185    0.20000
   0.27751    1.52024    0.20000
   0.28274    1.62952    0.20000
   0.28798    1.66515    0.20000
   0.29322    1.49102    0.20000
   0.29845    1.34152    0.20000
   0.30369    1.15646    0.20000
   0.30892    1.52784    0.20000
   0.31416    1.48427    0.20000
   0.31940    1.64506    0.20000
   0.32463    1.22063    0.20000
   0.32987    1.32035    0.20000
   0.33510    1.26478    0.20000
   0.34034    1.57676    0.20000
   0.34558    1.11646    0.20000
   0.35081    1.07012    0.20000
   0.35605    1.19217    0.20000
   0.36128    1.16048    0.20000
   0.36652    1.03776    0.20000
   0.37176    1.40142    0.20000
   0.37699    1.16914    0.20000
   0.38223    0.92892    0.20000
   0.38746    0.62724    0.20000
   0.39270    1.05407    0.20000
   0.39794    0.82116    0.20000
   0.40317    0.82247    0.20000
   0.40841    0.38504    0.20000
   0.41364    0.73943    0.20000
   0.41888    0.69095    0.20000
   0.42412    0.54956    0.20000
   0.42935    0.47811    0.20000
   0.43459    0.73178    0.20000
   0.43982    0.30329    0.20000
   0.44506    0.39652    0.20000
   0.45029    0.07024    0.20000
   0.45553   -0.04480    0.20000
   0.46077    0.32475    0.20000
   0.46600    0.56853    0.20000
   0.47124    0.46306    0.20000
   0.47647    0.27966    0.20000
   0.48171    0.16309    0.20000
   0.48695    0.24049    0.20000
   0.49218   -0.00312    0.20000
   0.49742    0.32654    0.20000
   0.50265   -0.20595    0.20000
   0.50789   -0.16540    0.20000
   0.51313   -0.30355    0.20000
   0.51836   -0.18596    0.20000
   0.52360   -0.68314    0.20000
   0.52883   -0.40591    0.20000
   0.53407   -0.16098    0.20000
   0.53931   -0.04569    0.20000
   0.54454   -0.22029    0.20000
   0.54978   -0.28269    0.20000
   0.55501   -0.23245    0.20000
   0.56025   -0.39035    0.20000
   0.56549   -0.59900    0.20000
   0.57072   -0.79382    0.20000
   0.57596   -0.66158    0.20000
   0.58119   -0.59404    0.20000
   0.58643   -0.80354    0.20000
   0.59167   -0.80521    0.20000
   0.59690   -0.62241    0.20000
   0.60214   -0.89049    0.20000
   0.60737   -1.10180    0.20000
   0.61261   -1.08994    0.20000
   0.61785   -0.98354    0.20000
   0.62308   -0.97494    0.20000
   0.62832   -0.89269    0.20000
   0.63355   -1.30542    0.20000
   0.63879   -0.99343    0.20000
   0.64403   -1.48884    0.20000
   0.64926   -1.34448    0.20000
   0.65450   -1.22173    0.20000
   0.65973   -1.05442    0.20000
   0.66497   -1.56215    0.20000
   0.67021   -1.49607    0.20000
   0.67544   -1.33793    0.20000
   0.68068   -1.18092    0.20000
   0.68591   -1.48644    0.20000
   0.69115   -1.33075    0.20000
   0.69639   -1.39187    0.20000
   0.70162   -1.15413    0.20000
   0.70686   -1.81484    0.20000
   0.71209   -1.74593    0.20000
   0.71733   -1.63437    0.20000
   0.72257   -1.53959    0.20000
   0.72780   -1.47528    0.20000
   0.73304   -1.65738    0.20000
   0.73827   -1.29604    0.20000
   0.74351   -1.68671    0.20000
   0.74875   -1.42348    0.20000
   0.75398   -2.00371    0.20000
   0.75922   -1.95906    0.20000
   0.76445   -1.67273    0.20000
   0.76969   -1.81082    0.20000
   0.77493   -1.35353    0.20000
   0.78016   -1.71034    0.20000
   0.78540   -1.58335    0.20000
   0.79063   -1.85719    0.20000
   0.79587   -1.98494    0.20000
   0.80111   -1.90396    0.20000
   0.80634   -2.09200    0.20000
   0.81158   -2.47732    0.20000
   0.81681   -1.86127    0.20000
   0.82205   -1.94161    0.20000
   0.82729   -1.89752    0.20000
   0.83252   -1.75610    0.20000
   0.83776   -1.76077    0.20000
   0.84299   -1.95395    0.20000
   0.84823   -1.94212    0.20000
   0.85347   -1.80272    0.20000
   0.85870   -1.66338    0.20000
   0.86394   -2.19143    0.20000
   0.86917   -1.79412    0.20000
   0.87441   -1.75784    0.20000
   0.87965   -2.10245    0.20000
   0.88488   -1.93341    0.20000
   0.89012   -1.79517    0.20000
   0.89535   -2.16206    0.20000
   0.90059   -2.26562    0.20000
   0.90583   -2.06515    0.20000
   0.91106   -1.77770    0.20000
   0.91630   -1.90335    0.20000
   0.92153   -2.15026    0.20000
   0.92677   -1.82016    0.20000
   0.93201   -1.79244    0.20000
   0.93724   -1.54702    0.20000
   0.94248   -1.82939    0.20000
   0.94771   -2.12491    0.20000
   0.95295   -2.08303    0.20000
   0.95819   -1.90822    0.20000
   0.96342   -1.71933    0.20000
   0.96866   -1.91600    0.20000
   0.97389   -1.59490    0.20000
   0.97913   -1.94067    0.20000
   0.98437   -1.99605    0.20000
   0.98960   -1.91181    0.20000
   0.99484   -2.06112    0.20000
   1.00007   -1.70244    0.20000
   1.00531   -1.70693    0.20000
   1.01055   -1.85917    0.20000
   1.01578   -1.75548    0.20000
   1.02102   -1.65212    0.20000
   1.02625   -1.92289    0.20000
   1.03149   -1.99666    0.20000
   1.03673   -2.05033    0.20000
   1.04196   -1.83023    0.20000
   1.04720   -1.43106    0.20000
   1.05243   -1.38734    0.20000
   1.05767   -1.73471    0.20000
   1.06291   -1.42096    0.20000
   1.06814   -1.59421    0.20000
   1.07338   -1.29910    0.20000
   1.07861   -1.39950    0.20000
   1.08385   -1.63703    0.20000
   1.08909   -1.47211    0.20000
   1.09432   -1.37918    0.20000
   1.09956   -0.97614    0.20000
   1.10479   -0.79769    0.20000
   1.11003   -1.26801    0.20000
   1.11527   -1.17988    0.20000
   1.12050   -1.10538    0.20000
   1.12574   -0.97568    0.20000
   1.13097   -1.03857    0.20000
   1.13621   -1.22877    0.20000
   1.14145   -1.10056    0.20000
   1.14668   -0.84022    0.20000
   1.15192   -1.25899    0.20000
   1.15715   -0.42288    0.20000
   1.16239   -1.31196    0.20000
   1.16763   -0.81078    0.20000
   1.17286   -0.79021    0.20000
   1.17810   -0.71332    0.20000
   1.18333   -0.81353    0.20000
   1.18857   -0.69506    0.20000
   1.19381   -0.58218    0.20000
   1.19904   -0.66297    0.20000
   1.20428   -0.36231    0.20000
   1.20951   -0.79144    0.20000
   1.21475   -0.49617    0.20000
   1.21999   -0.68186    0.20000
   1.22522   -0.74703    0.20000
   1.23046   -0.49405    0.20000
   1.23569   -0.30313    0.20000
   1.24093   -0.20372    0.20000
   1.24617   -0.47464    0.20000
   1.25140   -0.49575    0.20000
   1.25664   -0.06003    0.20000
   1.26187   -0.19265    0.20000
   1.26711    0.10458    0.20000
   1.27235   -0.15848    0.20000
   1.27758    0.11864    0.20000
   1.28282   -0.19655    0.20000
   1.28805    0.11136    0.20000
   1.29329    0.27102    0.20000
   1.29852    0.00168    0.20000
   1.30376    0.25704    0.20000
   1.30900    0.05878    0.20000
   1.31423    0.43921    0.20000
   1.31947   -0.01136    0.20000
   1.32470    0.60812    0.20000
   1.32994    0.38128    0.20000
   1.33518    0.48296    0.20000
   1.34041    0.53486    0.20000
   1.34565    0.43949    0.20000
   1.35088    0.36095    0.20000
   1.35612    0.42688    0.20000
   1.36136    0.63487    0.20000
   1.36659    0.51463    0.20000
   1.37183    0.58518    0.20000
   1.37706    0.69813    0.20000
   1.38230    0.69979    0.20000
   1.38754    0.57756    0.20000
   1.39277    0.97953    0.20000
   1.39801    0.50872    0.20000
   1.40324    0.81761    0.20000
   1.40848    0.84954    0.20000
   1.41372    0.94768    0.20000
   1.41895    1.39406    0.20000
   1.42419    1.04517    0.20000
   1.42942    0.88121    0.20000
   1.43466    1.23051    0.20000
   1.43990    1.47583    0.20000
   1.44513    1.31106    0.20000
   1.45037    1.19206    0.20000
   1.45560    1.21381    0.20000
   1.46084    1.36405    0.20000
   1.46608    1.28081    0.20000
   1.47131    1.03818    0.20000
   1.47655    1.24917    0.20000
   1.48178    1.42809    0.20000
   1.48702    1.16529    0.20000
   1.49226    1.61592    0.20000
   1.49749    1.31779    0.20000
   1.50273    1.64539    0.20000
   1.50796    1.86939    0.20000
   1.51320    1.34099    0.20000
   1.51844    1.63556    0.20000
   1.52367    1.83651    0.20000
   1.52891    1.63596    0.20000
   1.53414    1.79194    0.20000
   1.53938    1.52616    0.20000
   1.54462    1.64309    0.20000
   1.54985    1.45858    0.20000
   1.55509    1.86568    0.20000
   1.56032    1.83008    0.20000
   1.56556    1.70687    0.20000
   1.57080    2.15316    0.20000
