0.0	1.7888551349737418
0.1	2.0084763654885034
0.2	2.9277698930428784
0.30000000000000004	3.1160909532854326
0.4	5.258669877788487
0.5	2.234922221279478
0.6000000000000001	2.931954865205085
0.7000000000000001	0.9922770449954288
0.8	5.377567695694554
0.9	3.5320035679886326
1.0	3.298998637546683
1.1	4.350452997361764
1.2000000000000002	6.682064147696911
1.3	5.085989149541591
1.4000000000000001	6.130238698384737
1.5	8.296504377169772
1.6	8.888659275678737
1.7000000000000002	8.77695555004138
1.8	7.7790965152103295
1.9000000000000001	9.797860477022105
2.0	9.500512554759217
2.1	8.485153788669077
2.2	10.111873032005759
2.3000000000000003	10.02753476099514
2.4000000000000004	12.115816482899152
2.5	11.836219573803742
2.6	12.831329419336154
2.7	11.69257500268926
2.8000000000000003	12.403767378597717
2.9000000000000004	14.925494076223785
3.0	14.043144784813515
3.1	14.206626591146144
3.2	14.80793137749284
3.3000000000000003	14.500990143418761
3.4000000000000004	14.887967690103844
3.5	16.299876412734328
3.6	15.902837911043928
3.7	15.962353269879857
3.8000000000000003	16.37344769546686
3.9000000000000004	15.844298947941441
4.0	17.318049660231218
4.1000000000000005	17.11084389866494
4.2	17.3146814926538
4.3	18.3950133647089
4.4	19.890891964495875
4.5	17.81041516906842
4.6000000000000005	22.21564633549084
4.7	19.73087145103974
4.800000000000001	19.334308301328353
4.9	22.846095315962764
5.0	22.762327458817012
5.1000000000000005	22.359553811105396
5.2	21.15848631908408
5.300000000000001	22.612386354940742
5.4	24.000257861807448
5.5	22.89487492674577
5.6000000000000005	25.803636221776756
5.7	25.48646888344059
5.800000000000001	25.723387221927997
5.9	24.994016272975845
6.0	25.677021027023276
6.1000000000000005	27.262760473928886
6.2	26.524850918269156
6.300000000000001	25.191205563319425
6.4	28.282630953938227
6.5	28.34476663588753
6.6000000000000005	27.788669178496086
6.7	29.594295420315223
6.800000000000001	29.84116149552054
6.9	29.572684093424133
7.0	30.53664216181397
7.1000000000000005	29.513380027214293
7.2	30.84156780038345
7.300000000000001	31.364859977250386
7.4	32.858082721521626
7.5	30.78334806297572
7.6000000000000005	33.11657076585283
7.7	32.75720597120422
7.800000000000001	33.581925664645894
7.9	33.56628379080773
8.0	33.824705444114926
8.1	34.86772384346176
8.200000000000001	34.706308071770735
8.3	35.68844765557478
8.4	35.20401300021311
8.5	35.57097616274125
8.6	37.395752259297254
8.700000000000001	36.37209095554464
8.8	38.634960747988806
8.9	38.19357923550311
9.0	39.05552001269444
9.1	38.834109541264986
9.200000000000001	40.49059239145144
9.3	39.62040371665776
9.4	39.97024077972023
9.5	40.46695983645137
9.600000000000001	40.154208618885946
9.700000000000001	41.34711864150321
9.8	40.39196902399007
9.9	40.578695580569025
10.0	41.327943027327876
