   0.00000    0.70384    0.03330
   0.10000    1.08518    0.05430
   0.20000    1.60222    0.07530
   0.30000    1.96334    0.09630
   0.40000    2.20852    0.11730
   0.50000    2.75712    0.13830
   0.60000    3.04999    0.15930
   0.70000    3.39119    0.18030
   0.80000    4.19275    0.20130
   0.90000    4.91107    0.22230
   1.00000    4.95334    0.24330
   1.10000    5.64219    0.26430
   1.20000    5.77645    0.28530
   1.30000    5.97069    0.30630
   1.40000    6.87293    0.32730
   1.50000    6.99673    0.34830
   1.60000    7.60350    0.36930
   1.70000    7.81972    0.39030
   1.80000    7.78575    0.41130
   1.90000    8.83519    0.43230
   2.00000    9.63624    0.45330
   2.10000    9.47974    0.47430
   2.20000   10.31995    0.49530
   2.30000   10.22491    0.51630
   2.40000   10.51228    0.53730
   2.50000    9.99042    0.55830
   2.60000   11.78863    0.57930
   2.70000   10.33635    0.60030
   2.80000   13.49973    0.62130
   2.90000   12.61012    0.64230
   3.00000   13.10469    0.66330
   3.10000   13.90775    0.68430
   3.20000   14.49109    0.70530
   3.30000   13.89960    0.72630
   3.40000   16.08110    0.74730
   3.50000   15.31089    0.76830
   3.60000   16.61133    0.78930
   3.70000   16.99984    0.81030
   3.80000   16.28727    0.83130
   3.90000   17.23734    0.85230
   4.00000   16.85757    0.87330
   4.10000   18.41375    0.89430
   4.20000   16.61204    0.91530
   4.30000   20.14081    0.93630
   4.40000   19.43762    0.95730
   4.50000   19.80668    0.97830
   4.60000   19.08774    0.99930
   4.70000   20.01872    1.02030
   4.80000   21.71937    1.04130
   4.90000   21.54885    1.06230
   5.00000   20.74031    1.08330
   5.10000   22.22914    1.10430
   5.20000   20.47471    1.12530
   5.30000   23.30480    1.14630
   5.40000   23.57328    1.16730
   5.50000   24.89714    1.18830
   5.60000   25.37016    1.20930
   5.70000   25.40473    1.23030
   5.80000   24.15144    1.25130
   5.90000   25.74517    1.27230
   6.00000   26.29994    1.29330
   6.10000   25.61733    1.31430
   6.20000   30.16818    1.33530
   6.30000   28.38261    1.35630
   6.40000   28.86460    1.37730
   6.50000   27.38941    1.39830
   6.60000   27.90097    1.41930
   6.70000   28.71715    1.44030
   6.80000   30.53574    1.46130
   6.90000   29.88782    1.48230
   7.00000   30.45362    1.50330
   7.10000   30.66658    1.52430
   7.20000   31.00351    1.54530
   7.30000   28.57804    1.56630
   7.40000   26.54283    1.58730
   7.50000   32.80233    1.60830
   7.60000   31.47201    1.62930
   7.70000   34.41787    1.65030
   7.80000   32.68814    1.67130
   7.90000   35.51745    1.69230
   8.00000   35.38091    1.71330
   8.10000   33.58530    1.73430
   8.20000   34.38626    1.75530
   8.30000   36.65267    1.77630
   8.40000   36.06618    1.79730
   8.50000   32.31507    1.81830
   8.60000   38.90016    1.83930
   8.70000   37.98294    1.86030
   8.80000   39.11306    1.88130
   8.90000   38.88708    1.90230
   9.00000   36.69582    1.92330
   9.10000   39.75831    1.94430
   9.20000   38.26251    1.96530
   9.30000   35.98315    1.98630
   9.40000   37.78807    2.00730
   9.50000   40.68709    2.02830
   9.60000   43.00178    2.04930
   9.70000   41.08814    2.07030
   9.80000   39.21352    2.09130
   9.90000   39.19450    2.11230
  10.00000   44.70775    2.13330
