   0.00000   -0.21671    0.01150
   0.10000   -0.12048    0.00607
   0.20000    0.07010    0.00356
   0.30000    0.35995    0.01739
   0.40000    0.71814    0.03542
   0.50000    1.18024    0.05765
   0.60000    1.77059    0.08408
   0.70000    2.29797    0.11471
   0.80000    3.02522    0.14954
   0.90000    3.36835    0.18857
   1.00000    4.98605    0.23180
   1.10000    5.42389    0.27923
   1.20000    6.52373    0.33086
   1.30000    7.19080    0.38669
   1.40000    8.63224    0.44672
   1.50000   10.36010    0.51095
   1.60000   11.09374    0.57938
   1.70000   12.70654    0.65201
   1.80000   14.76154    0.72884
   1.90000   15.55457    0.80987
   2.00000   17.59083    0.89510
   2.10000   20.00586    0.98453
   2.20000   19.71899    1.07816
   2.30000   22.73400    1.17599
   2.40000   25.11447    1.27802
   2.50000   28.92696    1.38425
   2.60000   27.95491    1.49468
   2.70000   30.23767    1.60931
   2.80000   34.40295    1.72814
   2.90000   36.90896    1.85117
   3.00000   38.64144    1.97840
   3.10000   40.80285    2.10983
   3.20000   43.14161    2.24546
   3.30000   43.80963    2.38529
   3.40000   49.65528    2.52932
   3.50000   55.14833    2.67755
   3.60000   54.17940    2.82998
   3.70000   58.88384    2.98661
   3.80000   62.36596    3.14744
   3.90000   59.61341    3.31247
   4.00000   70.22295    3.48170
   4.10000   63.02655    3.65513
   4.20000   84.61906    3.83276
   4.30000   81.29459    4.01459
   4.40000   86.33019    4.20062
   4.50000   93.41090    4.39085
   4.60000   95.33545    4.58528
   4.70000   99.37539    4.78391
   4.80000  101.22198    4.98674
   4.90000  106.34550    5.19377
   5.00000  105.79925    5.40500
   5.10000  111.93133    5.62043
   5.20000  113.60004    5.84006
   5.30000  118.76797    6.06389
   5.40000  130.06617    6.29192
   5.50000  118.94137    6.52415
   5.60000  125.27816    6.76058
   5.70000  121.64727    7.00121
   5.80000  154.21705    7.24604
   5.90000  140.86314    7.49507
   6.00000  157.23412    7.74830
   6.10000  150.64040    8.00573
   6.20000  189.23803    8.26736
   6.30000  182.03363    8.53319
   6.40000  174.00507    8.80322
   6.50000  189.10769    9.07745
   6.60000  190.08400    9.35588
   6.70000  190.01069    9.63851
   6.80000  183.37804    9.92534
   6.90000  199.30953   10.21637
   7.00000  224.75361   10.51160
   7.10000  217.77812   10.81103
   7.20000  236.78843   11.11466
   7.30000  210.32465   11.42249
   7.40000  237.64888   11.73452
   7.50000  236.35498   12.05075
   7.60000  249.53986   12.37118
   7.70000  217.52749   12.69581
   7.80000  249.06375   13.02464
   7.90000  285.23535   13.35767
   8.00000  286.77735   13.69490
   8.10000  288.11354   14.03633
   8.20000  290.52669   14.38196
   8.30000  277.39889   14.73179
   8.40000  288.52809   15.08582
   8.50000  310.96545   15.44405
   8.60000  286.14817   15.80648
   8.70000  297.58572   16.17311
   8.80000  332.56140   16.54394
   8.90000  329.76849   16.91897
   9.00000  328.26519   17.29820
   9.10000  318.41341   17.68163
   9.20000  373.55879   18.06926
   9.30000  398.73498   18.46109
   9.40000  389.76624   18.85712
   9.50000  367.59649   19.25735
   9.60000  385.74902   19.66178
   9.70000  405.41525   20.07041
   9.80000  415.67365   20.48324
   9.90000  460.50953   20.90027
  10.00000  431.71338   21.32150
