   0.00000   11.00000    3.16228
   0.20000    7.00000    3.16228
   0.40000   11.00000    3.16228
   0.60000   15.00000    3.16231
   0.80000    7.00000    3.16242
   1.00000    9.00000    3.16292
   1.20000   11.00000    3.16488
   1.40000    9.00000    3.17190
   1.60000   19.00000    3.19468
   1.80000    9.00000    3.26127
   2.00000   14.00000    3.43421
   2.20000   15.00000    3.82412
   2.40000   23.00000    4.57069
   2.60000   31.00000    5.78282
   2.80000   74.00000    7.49007
   3.00000   92.00000    9.63578
   3.20000  147.00000   12.08500
   3.40000  206.00000   14.63357
   3.60000  281.00000   17.02654
   3.80000  362.00000   18.99176
   4.00000  427.00000   20.28504
   4.20000  416.00000   20.73644
   4.40000  402.00000   20.28504
   4.60000  372.00000   18.99176
   4.80000  260.00000   17.02654
   5.00000  231.00000   14.63357
   5.20000  138.00000   12.08500
   5.40000   80.00000    9.63578
   5.60000   57.00000    7.49007
   5.80000   42.00000    5.78282
   6.00000   11.00000    4.57069
   6.20000   19.00000    3.82412
   6.40000   11.00000    3.43421
   6.60000   13.00000    3.26127
   6.80000    6.00000    3.19468
   7.00000   15.00000    3.17190
   7.20000    6.00000    3.16488
   7.40000    8.00000    3.16292
   7.60000   12.00000    3.16242
   7.80000   10.00000    3.16231
   8.00000   16.00000    3.16228
   8.20000    6.00000    3.16228
   8.40000    6.00000    3.16228
   8.60000    7.00000    3.16228
   8.80000    7.00000    3.16228
   9.00000   15.00000    3.16228
   9.20000   11.00000    3.16228
   9.40000    8.00000    3.16228
   9.60000    7.00000    3.16228
   9.80000   12.00000    3.16228
  10.00000   10.00000    3.16228
